60945
22521
4321
7278
2054
30328
44811
65125
24529
4321
62256
4321
4792
24587
4055
55235
1234
13179
1234
48303
35315
9999
7777
20930
38411
8888
36732
48974
1234
24104
7777
14903
11193
1307
7777
25440
57479
13577
52139
9999
754
3984
38437
9999
43260
22502
53544
52692
51560
39582
59047
26297
1234
4321
63207
54650
12562
26924
4321
16582
4321
65292
29385
32845
46772
7420
28981
9786
26004
22730
31793
4321
55670
58602
33187
35757
13316
1234
549
23327
7777
1461
11145
8888
8551
7098
1234
39304
27495
9999
49014
3838
24268
9999
8888
16306
58651
910
9999
25099
7777
7645
9523
55380
31830
1234
8888
39921
7777
25815
2492
9217
16193
53592
32653
7777
45070
27080
8888
11141
19796
45028
57587
61351
5144
52540
62116
8888
4321
9999
4321
21028
43030
56351
1234
21082
4321
43607
4321
25761
8888
42797
57303
7777
1234
64193
56227
50546
47668
64818
13605
7777
12881
3938
7777
28723
8888
10705
8405
7137
49876
58353
1234
4321
20318
1234
57445
50159
8888
9999
7777
61972
13188
4321
18752
7253
12501
9999
17904
7777
1234
52809
53878
7777
1234
9999
5200
9999
11076
60290
24051
36469
55573
21185
65155
9999
9999
4321
10563
49025
35802
38214
9999
4321
8888
8888
7201
10912
58312
6803
4321
7777
26813
1410
4321
33039
484
26359
4321
4321
59616
3527
8888
39995
9999
7777
8888
44243
9999
35564
673
54640
17803
9999
4321
61859
1234
19905
7777
38083
5483
22397
8888
7777
12858
65459
9999
49297
1234
4321
28145
8888
60245
6098
15600
55756
29105
37913
55981
8888
49096
16016
57863
9999
13341
58322
4321
4321
31272
22634
5268
9999
23517
8888
3430
4321
4321
9999
53161
50870
20003
6909
15693
9999
9999
26810
15468
4321
4172
9999
26322
1234
32328
64162
48612
15450
1234
4321
1234
29839
16812
32275
9999
7777
28537
1234
20426
8888
31741
22620
8888
59700
15072
9999
36079
8888
61521
28645
9999
49682
35064
9999
61641
45895
24339
1234
44985
1234
11171
3841
1234
28456
4321
9999
9999
311
16662
50498
36881
8888
9999
30957
9999
61079
28104
29298
9999
9179
14913
43641
4321
563
24480
65369
54478
17510
18144
274
1234
7777
43737
1234
474
39458
13296
1234
27936
9999
30278
1234
4321
40802
57025
9426
30503
42696
63123
4321
8888
7514
12633
27165
11080
4321
4321
12829
1234
24572
39674
23005
47315
7848
48976
7777
17117
1234
51249
7777
64203
60347
35228
8888
3987
39991
49736
1753
30588
37258
8888
55810
8888
63673
31408
59177
31360
8888
19995
8249
44686
1307
8995
32529
4321
10122
4321
24085
5347
4321
8888
26112
42196
8239
9999
43780
31291
6453
8888
41648
29175
43351
1234
6444
9999
1234
28387
8888
56407
28799
1234
2373
35087
4321
60497
7777
51280
1234
26401
54050
35889
14986
1234
7777
15741
33306
4321
9999
7777
53745
57801
9999
9999
57923
8888
7118
49676
8888
9999
1336
4321
37988
4321
57671
64870
22549
7777
8888
4645
4699
32411
37099
64261
42227
15135
44503
28763
1234
9999
38641
56222
54312
25035
43892
9999
63283
34699
1234
53045
60831
29688
57329
11914
28291
2809
9999
22229
1234
4424
9866
16514
54580
8888
8888
55472
7777
9156
19386
17889
11068
1234
1843
9999
56762
16938
19593
48621
9999
4321
30604
22807
4321
40898
17058
4321
46894
64047
1234
41272
3190
21187
42156
56563
58175
4321
1234
4321
29940
30657
57938
57004
64093
44064
7777
15037
15988
9999
44094
37928
36947
9999
42449
58019
13108
2934
8888
18031
35089
64803
22187
17633
58439
28091
27563
57435
1234
62165
51942
4321
8888
15980
1234
9999
56670
58357
46063
2554
4321
7777
43113
29472
46741
43627
37737
52793
31021
50765
4321
22234
29947
51274
8888
35298
49352
56689
8888
26703
18317
7777
64825
2402
7777
8888
23223
60674
35603
61732
1234
19639
8281
57642
7777
19368
4321
9539
1234
4321
6294
56785
40567
23344
63144
1767
2698
14583
8867
13770
10491
4321
25259
7777
30721
2343
8888
65031
62961
63189
8096
55844
1234
9455
24234
1234
49889
3189
40807
62060
54377
9999
28289
17349
24340
9999
7777
37208
65581
7777
64052
4321
11789
4321
8888
22324
7777
9999
37040
49682
34104
62913
49477
27405
2031
42218
51532
8888
7777
1234
57451
8888
17867
8888
7777
7777
30893
1234
1234
7777
40917
48298
9999
7415
4321
17818
7777
49168
22339
7777
1730
49059
9999
1234
1234
8888
9999
4523
4008
1234
40774
7777
1234
1728
8888
9999
64797
35351
4321
27050
23018
24512
4321
1234
9999
60966
61933
24076
1234
9999
22181
21443
36194
33879
11454
9999
62109
53267
9999
21518
11251
4321
10368
9999
1234
43184
55168
25741
20294
21035
1234
8888
44333
1234
9999
61544
27350
9999
35362
16200
1234
14339
42809
7777
4321
57403
54661
4321
60326
55842
2017
39131
20391
60409
9051
1234
65145
59498
20609
29065
7777
53554
27878
9901
59065
17913
37826
4321
17167
8888
4321
60610
50288
4321
64571
9999
54865
9999
1234
5161
26833
9999
9999
20834
1234
35160
4321
53184
28876
1234
17454
16348
1234
10837
57979
21564
9999
7777
7777
10315
2977
14113
18873
1867
59825
8888
1234
54301
51495
9999
37502
9962
9029
1234
9999
62458
19880
37106
53214
47003
56747
20702
4321
21323
14457
9999
20423
15480
9999
8888
30297
7777
56738
28728
2998
48130
64585
1234
4321
31540
4321
61923
3955
25304
15390
34212
8888
1234
7777
1234
40053
7422
1234
21984
50667
59715
25998
31977
4321
51857
8888
8888
178
4321
1234
8888
9999
6038
46517
7777
53329
54209
4321
44941
9999
38802
41955
16071
40460
49893
4321
105
38378
8888
14825
7777
14368
12039
7777
39486
8888
19502
37402
37016
28966
3387
1234
57447
49973
16219
14153
21777
50955
3255
7060
4321
44806
1234
9999
1234
23640
52045
1234
9999
24061
35865
34192
56890
1234
58757
39267
58280
26373
47768
33384
31609
19266
4321
4564
51570
49519
4237
7777
1234
35395
9999
18945
34506
9999
7777
42205
7777
1234
4321
5513
21364
2790
51260
9999
43003
49956
16064
1234
40949
41925
29496
52192
46265
40628
25590
7777
9999
50479
3294
48431
46583
28865
29612
10286
65765
18585
35013
7250
2866
26130
7777
57977
4321
28701
60371
8888
54708
59774
7777
8888
44064
9999
32397
9992
1517
4321
22319
40217
4321
9999
18871
15173
56086
35082
22854
1962
28072
7777
4321
4321
4321
14474
8956
43298
59457
4166
31435
14030
47297
19003
27980
18338
1234
28334
9999
39592
7777
8888
57825
21982
29141
15161
4321
14456
38795
9555
26022
7944
9999
25924
7777
1234
9999
7777
15692
8339
9999
2790
16710
16845
30221
24105
52934
10657
53967
26788
59155
9999
9999
57242
27912
15063
8469
7777
6200
5053
52192
9999
39019
31816
57106
4321
14404
3884
39526
8888
39487
28269
37161
4321
36192
9999
4321
1234
9999
9999
7777
7774
2392
1234
304
17579
8888
23638
55549
30246
54271
40763
7007
5797
33785
29493
7777
37972
41022
4321
4321
8888
28243
462
6666
8888
29433
40487
54585
8323
8888
64743
42337
1234
38446
9084
32549
34457
9999
18580
7777
63189
16508
1234
10446
42968
1234
22968
17812
37036
61068
42330
19706
45798
41498
50847
38436
8888
3299
1234
1234
8888
7777
327
17337
9999
33607
4321
53467
22406
56720
42901
58424
1234
40697
18504
50977
9999
18634
44524
1234
37077
44023
7777
37002
7943
58381
4321
9999
64568
5174
53226
1234
26869
7777
8888
1234
3187
38244
1234
3998
23364
7852
41658
58227
64507
24447
8888
9999
4321
56610
8888
7777
2454
4321
8888
30022
10003
8888
40279
27501
27987
15708
34151
23819
1234
61025
19875
9999
4321
42535
1234
11084
7777
29199
31848
48944
22345
39564
4321
61808
9999
29486
59561
17079
42935
23230
6403
4321
30343
4321
4321
8888
24430
37435
54847
20307
47508
54318
11693
9999
12632
9999
4321
41489
25173
21225
9999
18745
7777
57660
27148
45318
6905
8428
33495
64721
37627
21434
48012
64703
30998
1234
54696
30920
8888
676
635
9999
8916
8888
1234
8888
16206
63847
60403
4321
62540
1234
9796
38781
7777
1234
9999
58461
41164
33876
46846
1234
45865
59654
44684
9999
55108
35919
4321
14122
1234
53958
8888
25729
46973
9999
4321
53331
8888
7777
5751
8888
7777
9999
18440
4321
45151
36861
55518
59936
4321
1234
47562
62093
7809
59480
29208
28561
9999
8888
63943
29948
8888
4321
53747
35840
4321
7777
5003
54356
35507
7777
59287
62777
62932
285
20250
8888
8888
1234
7777
57567
1234
56724
25190
7777
4321
11153
30069
8888
35602
8888
12104
18772
37532
23357
42764
40764
46929
8888
9999
21790
46700
62336
51285
36567
61512
40819
1234
33824
55175
45827
6768
5663
17706
1234
63835
1234
4821
9999
1234
16514
35409
20953
7777
35010
53715
37868
4321
3586
1234
1234
36727
59024
4321
8888
5608
33403
5651
7777
13193
21306
12404
10980
37319
9999
7777
42887
63526
41085
50095
4321
9125
28195
56268
4321
22601
10060
47848
9218
1234
53429
28669
35591
50827
31028
64255
27011
40610
56602
7712
1234
38814
8888
20268
44090
49743
4321
15548
61279
23365
4321
26994
1234
7827
7777
27760
25822
52342
59351
28122
4321
27893
38051
57594
12798
8888
30981
10353
44039
9999
1234
7777
60366
39126
1234
21231
4321
27764
43531
4321
64283
4476
34423
40519
4963
19693
9064
23100
37622
35136
25658
31961
32743
7380
55000
1234
61435
51427
49876
55725
9999
7777
9999
42056
29779
9999
4736
54204
30390
30191
28994
3530
45537
13787
37982
9103
29154
10234
4321
7777
31020
37384
24141
7777
8888
31016
7628
9999
19294
24372
46483
34388
7777
10930
46946
41558
8888
8888
4321
42831
5645
12083
4452
57341
45001
52483
59828
26138
1234
4321
5536
7655
62726
8888
18291
23758
8843
41100
32789
302
7519
48822
1234
8888
9999
1234
31169
29598
34707
11014
50869
18637
4321
14122
1234
38881
35444
9999
9240
13126
9999
35718
8888
36164
7777
39574
8888
6327
19125
40857
64159
51371
17830
1234
54627
9999
1088
30033
64793
63779
39673
15408
42766
23797
56966
8888
9999
8888
1234
45587
57989
21009
9999
34123
31001
52143
9999
61678
8582
51778
39548
40549
4307
11984
4321
2714
8888
8888
7777
8888
38600
20766
51757
4321
28699
10117
28551
8888
3879
9999
16990
23100
63972
4321
48277
19798
63995
24023
3560
4321
52210
7777
8888
3808
39179
44060
1234
7777
62715
34372
45331
4321
20989
2318
25526
27818
17792
36396
11017
35837
58451
53958
1234
26722
8888
19971
8888
64741
7524
7777
22131
4321
35174
26580
56640
63142
8888
7777
4321
50828
11316
7777
6112
4321
18782
49692
5245
9999
33315
3520
46611
4321
53968
12009
33232
8888
1234
59082
32340
4219
31352
45334
62088
14082
42744
4321
4321
7777
39437
20474
5064
14468
39959
36395
4740
17941
4321
7777
50069
1234
12316
7777
59492
25181
1234
37513
16788
18751
25840
37123
49461
7777
8888
11642
62852
9999
7824
42011
55183
2341
9977
61886
9999
49043
34447
8323
64323
58357
333
21300
8888
28449
10618
1234
25485
8912
57532
10948
61665
28425
43316
32068
16322
52643
64913
53541
62078
45423
9999
42164
9999
58525
18690
56862
2889
4321
21475
20787
9999
7777
58645
9999
8888
32131
3795
9999
54420
18667
44702
8888
11784
13816
27675
4321
32381
7777
4321
63342
36528
23331
1234
52011
22360
4321
1234
46404
8888
4321
44244
11854
14573
21568
12600
9999
10434
26327
58993
6049
39271
26951
1063
9504
36140
18506
5518
40484
13642
4321
59247
9999
57409
8888
20997
30034
4321
28815
7777
5855
23881
57690
19096
26352
4321
50045
8888
14129
9382
57178
48091
4321
17011
1234
45746
43376
30068
1234
60687
19362
1234
7777
52769
9999
9180
4587
60352
33744
63833
9999
7777
51082
47427
9999
4321
9999
63451
1234
24463
24762
33237
41352
52272
7777
19870
1234
8888
41280
32546
1234
4321
45832
7777
34236
46262
4321
57319
14491
35406
15727
17040
7922
5825
15990
7777
1234
1234
2121
1234
7777
14608
22112
10211
8888
7777
54763
49851
7777
64374
42076
60016
35213
45097
4321
1093
7777
15872
18029
9999
47157
46478
4321
1234
50846
31093
41969
9999
22718
59684
7157
45878
35803
7777
33454
41755
16718
58027
51322
29776
9999
1234
50683
29260
5974
28323
48004
4321
9999
57294
33056
1234
27041
54563
50489
48900
62016
4321
51035
63202
11527
38779
20675
4321
37807
1234
4321
1234
62000
4321
14491
43887
6163
14704
10762
1234
57529
1234
35273
51088
42133
1534
10250
49166
26733
35246
51364
32262
36677
60368
9999
54679
38158
10414
61659
4321
7777
65563
4321
10731
40740
7777
50036
39647
61541
31891
39023
4321
58150
9674
8888
8888
16024
9128
4321
21679
61184
30173
40922
20070
7777
26330
4321
54762
6401
1234
11655
2823
36879
20884
56438
52222
62141
1234
1712
4321
8888
4321
36263
48959
16134
8888
25835
7777
54700
56864
1234
17616
10193
53943
7777
21079
1234
7777
31811
31129
47891
9999
13501
8888
1234
47930
16911
54647
4321
31978
26392
54994
63438
11737
7777
61671
12504
20939
24470
65185
1798
44804
12201
63016
4321
1234
4321
14812
1234
53607
48499
44925
46649
44336
4945
31826
1234
21008
12395
4321
1234
4910
28812
8888
44876
4986
15142
1234
8888
18940
8888
5068
7777
1234
9999
19622
32664
31474
28721
1664
12823
9999
31397
1234
13300
30207
62427
11797
53685
30142
30936
62067
20815
42022
62453
8184
60590
7777
8888
7777
56561
7777
40034
31700
5801
4321
9124
22852
29098
54788
21558
9999
37126
13647
1234
4321
9999
4321
960
490
60379
3389
779
60497
1234
20651
53504
10980
30657
4321
23685
65202
9999
37736
12537
27368
61845
48097
36523
9999
9999
15233
30887
1234
8888
1234
8888
9999
15359
56770
4321
61982
36414
8888
9999
50994
1234
64093
15939
26595
56024
7777
55539
24451
58135
15969
46575
9999
1234
32335
56478
38211
18405
52301
4321
8888
39894
21482
20479
5056
44262
16620
10233
8888
1234
7777
62308
33363
33551
2503
21163
8888
53815
22668
24408
13123
612
35803
13252
7777
7777
1234
53564
4321
22885
7777
37407
8888
18789
22056
54097
17818
4321
49624
1234
23175
39655
4321
65211
24990
46727
42894
8888
7777
7777
18365
9999
18343
37439
28193
62572
8888
4321
53337
9999
23154
16739
8888
36614
31110
9999
22760
31235
41919
148
1234
9999
37662
13038
49394
8888
34976
9581
40960
58073
7777
46094
65141
8888
18319
31473
9999
1234
2285
57784
7777
24546
1234
8888
24325
10170
43531
63449
58950
20661
34750
24604
1234
4321
58931
4321
53995
4321
8955
9999
5883
12704
8888
8888
1234
49780
55179
42154
40729
7777
1234
50448
9999
31559
39531
28202
3729
61900
7777
42242
41821
8888
4321
28384
8888
18842
7777
5307
17714
59933
45439
59630
1234
21378
27095
8891
9999
21662
60934
23957
1234
20583
27222
4321
8888
32507
61836
35137
37530
9999
43538
41280
54009
57880
38693
9736
31655
5635
38772
14488
4321
52307
53731
5499
18550
20467
46569
1234
4321
62199
45623
36771
54932
1234
10054
1234
4321
40202
37783
29912
8888
38523
9999
8888
34064
33878
54307
32940
54077
54130
7777
5728
57834
18220
1234
4321
61954
34419
38434
9999
6000
15475
9999
8888
53726
32662
25702
9977
39434
16170
23213
47794
31683
8888
9999
7777
14757
7777
24655
61346
4321
9999
7777
13296
8888
45034
14783
4321
46605
2665
55812
25314
23232
18791
8888
588
16683
7777
7777
20953
1234
1234
45375
38231
21884
9999
1214
37244
9999
37013
7777
43682
36193
16015
58742
969
63223
20486
2411
64196
22474
32173
40658
8888
37544
4321
50755
1234
8888
152
7536
29530
45592
12126
4543
1234
7777
54467
50755
56174
7777
1234
1814
4321
8888
1234
4321
8595
53235
7777
55317
21288
42334
28345
18603
7777
31641
8888
1234
22041
49460
5190
4280
8888
23624
38222
48159
8888
8594
3901
8760
50951
60126
7777
5641
7777
17993
8888
463
8888
26753
34832
33065
29439
9999
41608
48036
8888
7777
4321
9999
57096
40870
9999
12926
7263
37856
21846
35183
7777
30202
27440
64873
21586
7777
7456
45178
7777
44990
40740
1234
47136
58151
4321
60913
9999
4321
33092
24520
7777
9999
9999
8888
8888
49764
1234
21334
26714
64702
32097
8888
46476
8888
4321
16844
47148
7777
46274
62441
1234
45205
4321
7777
1633
23437
4321
44865
3670
4321
9999
6967
58640
32254
6050
7777
7777
24808
4321
9999
23680
7777
34499
61946
31411
39184
41159
50238
59898
4321
8888
4321
21345
9999
11713
1234
19675
25895
9999
42555
4753
15471
4321
8888
43625
23857
9999
58578
19927
27126
1234
60532
9999
32615
9999
64258
2865
51041
55696
4321
4321
7777
11129
48003
13240
8888
30377
8653
55180
61658
4321
24911
48224
27288
8508
17434
4321
1234
32106
31781
4321
9999
63555
4321
41453
39602
1234
3684
4321
7777
56194
65076
1802
51600
32676
8888
1234
230
46266
28883
8888
7777
7777
40200
39069
53081
32722
1234
1234
9610
43538
57767
39128
1234
40592
48565
45358
54659
24174
34606
20431
11625
51513
32962
9999
54673
11735
28887
4412
40410
28826
23450
9999
53119
9999
33902
44109
1234
61582
1234
44149
20509
1234
4321
60240
24368
27356
53294
9999
35865
43587
42428
16342
16402
45576
7777
43064
30587
35400
47901
30691
33457
1234
10326
57791
59287
14741
9999
52389
38165
43312
15292
4321
7777
4321
21943
1234
8888
28274
4321
36592
823
1234
13068
9999
7777
57058
20333
7777
52464
29674
7549
64541
8888
34408
1234
52565
8888
18241
1234
43407
19573
7777
1234
4321
14864
7777
9999
23259
46825
55182
50376
7777
7777
53545
49208
28992
12148
2211
22765
49783
7930
54188
8060
8888
4321
7777
51177
1234
43358
7777
36820
23975
40973
63398
31920
8888
8888
9999
41309
9999
7777
8076
50641
47157
6068
18282
30536
30219
28906
20996
7777
8888
46347
33052
31314
30417
43691
35103
45071
1234
4321
46473
39783
3584
4321
53312
53440
8888
7777
44385
59530
7777
4321
397
1349
7777
4321
27865
49498
43666
4321
1234
65073
4321
53070
1234
55182
4321
61532
48234
8888
8888
4321
13551
58611
64640
40443
7777
40606
36286
60667
4321
3007
18452
54648
3513
16314
18970
19382
9999
38413
58296
9999
8818
624
1234
63145
31332
51786
9999
57383
20454
8888
15211
42461
8888
42366
7777
4321
12562
8888
34194
24699
1234
9999
31701
64155
8790
24400
6872
47320
1234
16011
7162
1234
1234
7777
41561
35624
55871
5566
42088
8888
7777
4321
2084
62229
51816
12415
70
20051
39882
34706
4321
32632
30245
28836
43369
35926
33202
46313
26516
63454
65370
58311
34412
7777
4512
7777
15538
8888
9999
56666
572
24885
4321
12636
5487
8888
1234
13339
7777
5298
1234
7777
4751
46140
23871
5422
65425
42387
39970
1234
1234
8905
62910
20951
49230
7285
9999
25183
47391
7777
40090
51026
2654
30956
29416
5194
41906
7720
43024
8888
8888
15773
15773
7777
36762
1234
1409
9610
45306
39481
32302
35919
36364
46437
57719
47991
1234
31056
16985
42325
4273
9999
40028
1234
4614
52663
33169
1234
8888
7708
9999
14796
63051
52562
60112
8888
4321
1234
23732
55965
21098
31080
4321
25632
18178
23958
4332
25539
10803
7777
9999
8888
9999
41460
65197
8011
3019
1234
1234
7777
8888
22437
40884
5694
42737
38144
7459
56274
63667
37327
51592
1234
48391
16599
4872
30967
33432
2583
39363
1234
27359
7777
35325
4321
21911
1234
9912
14693
2030
1234
51862
49166
4321
4647
61724
64460
44327
1234
27825
12664
8888
45771
27501
24534
15893
14379
19776
9999
32273
4321
18949
4321
42694
9999
53036
50706
28077
6292
3849
58899
8888
4321
39584
13298
4321
9999
13531
53015
37626
7777
39604
46931
46663
63881
9999
7777
61890
21683
9999
62665
1234
1577
8888
9999
54663
24247
4321
19021
19048
23519
1234
16903
55477
43696
12559
48847
7777
7777
8888
6091
51166
8888
65055
1691
11955
1234
5549
8888
48080
32512
7777
4321
45703
7777
40023
28966
14931
7777
4321
28217
4321
9999
38036
1234
58024
60179
57825
8888
7777
10492
1234
49290
33027
28740
19158
16804
27335
63059
25378
27136
40642
48872
1234
42943
1234
42263
7777
9999
20626
7777
4321
29814
8888
51307
9999
9999
1234
52414
30642
527
9999
35841
7777
1234
4321
15706
4321
7777
59552
25410
35266
39227
19836
16624
4321
4321
49376
9999
57213
3039
7777
11410
5701
42480
1234
25487
61986
25267
7777
7942
7777
1234
17102
28376
61439
1234
1489
15035
60925
52624
24312
7777
8597
11813
1234
9769
56346
39449
8888
9999
8838
15445
1234
10975
740
58789
40090
9999
42517
58187
39647
14015
28342
9999
58654
9999
28439
54603
48211
11830
40820
9999
20417
6019
8011
60893
1234
20743
23923
30112
13550
8888
54451
9999
61286
15091
1234
2652
51968
19883
20175
35367
7777
4321
47764
54890
9999
31597
14181
7371
25034
40817
17323
9999
18690
9999
22259
1234
4321
8888
4321
7632
57057
46637
9999
60158
2568
2480
7777
32277
35388
1161
8888
28833
28358
50452
1234
15328
60712
7377
33213
24121
21471
43015
44637
21552
57906
39295
34112
59486
7736
30792
12444
4321
9999
58366
9999
9999
17183
33676
7777
36233
52602
9999
17570
61121
4321
9999
38896
60781
27030
4321
9999
4321
47866
47653
4321
35278
59692
4321
33527
9999
13280
53118
31490
1234
3633
30646
27471
1234
4321
63402
22075
44588
9999
10330
4321
7777
8888
54627
42390
1234
37091
60607
30238
8321
38152
13289
33393
24590
21085
18855
57763
57742
50678
12284
4321
48884
20459
40754
29492
39082
40630
4512
52827
20373
54681
42047
7777
42022
1234
3200
8888
57802
8888
58974
52970
20078
27147
33823
4321
38955
8888
27224
46250
7777
20492
7777
56680
6384
8888
63222
8888
38152
41653
34666
7777
6096
61375
34148
1234
7777
11724
7535
49962
33866
54303
2814
9248
31820
26889
55624
2590
42276
39521
41120
13405
7777
20183
40633
57905
65315
60854
48985
59439
8888
57100
63860
7777
14640
30491
21168
12407
7852
22753
47700
4260
4321
1234
30957
6678
4321
4321
42050
7777
34336
18649
1234
9999
9999
48576
21611
46332
4321
24228
7777
8062
4321
7777
23330
1234
4321
8873
1234
3743
4321
60207
26914
39008
21392
61289
44238
1639
4321
46622
29769
55332
1234
59513
7777
31876
51902
8888
4321
23964
5586
61022
4321
21073
39825
4321
13226
29086
9999
45812
15514
1234
4321
8888
48464
49850
36122
31849
11166
25392
7777
4321
9743
53270
56557
9999
1234
8888
62722
43242
7777
1405
203
19335
28566
9536
1234
28461
4279
4321
53454
2464
4321
35262
4321
1234
7777
25086
7777
4321
28609
9999
4917
41547
63073
8888
37753
60022
64674
52812
22199
1234
8888
35974
42209
15356
53622
6126
16918
48924
5259
9999
30412
31471
61274
9999
15123
32028
7576
14215
14970
1234
40396
27722
4813
44110
1234
7777
48938
1234
20994
19392
22660
10368
1234
53573
8888
36762
42345
54778
7777
23181
7777
49562
650
1234
3694
1234
18250
9999
35728
5140
4625
7777
44461
8888
40313
2568
59739
8888
1234
48932
53766
13414
39152
12100
5856
8888
61234
9941
58116
9999
2959
19331
24068
5590
59041
8888
8888
7777
7777
63040
55547
28993
19425
7777
43141
22690
11490
9999
8888
3541
9999
1026
6119
42587
46266
7777
7777
9999
21752
48369
13431
4462
50054
38996
35174
12007
51627
25250
1234
21680
39343
62576
9999
2412
1234
7707
1234
62963
50228
12706
7777
19432
8888
13606
1879
44974
59359
37562
40348
35546
64147
1234
4321
21114
2420
31990
848
12401
7522
1395
21600
21509
4321
56212
61276
50260
27051
15634
15321
62038
31710
4321
4321
10796
45988
62012
7777
55654
9999
4321
29110
64005
56038
14238
57986
7777
63684
38183
61532
57432
64393
24004
1234
64550
59165
46367
9999
8962
12386
14056
34910
1234
32345
21379
52222
7777
9999
62741
24678
9999
41653
53233
64878
9999
1234
10890
3659
27177
38827
57686
28441
49187
8888
38750
57838
54136
19821
1234
7777
1773
8706
9999
1234
23207
7777
53889
11933
31531
8888
9999
17878
27610
59186
19283
39710
48278
31907
7777
33469
4321
4321
4321
17326
9113
47423
7777
54482
3595
1234
4321
58378
57370
44736
53228
8429
5216
8888
1234
8888
9098
25040
9999
1234
4321
972
54411
45890
19590
51209
31053
43497
44184
14969
48881
39565
36792
59937
65717
9610
49372
21445
56242
51828
40283
62841
1234
49872
14889
40462
6298
9999
8888
9999
41382
60901
47832
40554
8888
33064
16711
19543
46053
60532
53860
8888
27055
8888
43070
45417
4321
64910
33517
32521
1442
57107
7777
49729
49978
14621
8888
51904
1234
8888
18265
39827
22427
7777
40195
8888
31840
20895
20731
2003
8156
7777
24132
4321
1234
25142
4321
31757
4321
3565
17975
8888
45637
1234
14680
4321
4673
19848
22976
8888
53822
65602
54385
4332
4321
9999
4321
42975
7777
10150
4321
34772
7777
1234
44887
8888
7482
8888
55049
4321
1234
28928
53600
52274
4321
41984
62590
5182
35699
40479
7777
9441
7777
7777
23030
29259
58253
47170
19847
56699
36333
1234
10811
26071
39021
31866
4321
9999
28949
9999
29629
49537
58636
9999
30712
45571
8888
28853
41734
19204
1061
54173
4321
4411
25934
16436
1234
9535
3206
1234
13954
33023
18308
1234
1215
8888
19138
17393
55728
1680
1234
8888
45811
59607
60453
1234
38671
13753
8888
22108
49467
3175
30280
39749
14105
31044
7777
5735
52480
64726
7576
19239
63022
10904
62213
56420
7777
4321
51211
20885
27541
41120
9999
28762
57485
5453
60443
44497
11540
61820
53155
59289
9123
43244
21916
21650
8888
40972
9999
63858
40431
9999
18673
19532
18343
7777
40603
48645
18307
33894
19406
12504
9009
24419
33923
15986
4321
24203
11817
61787
9999
64444
44938
62011
59424
18914
1234
7777
23901
60469
63139
8888
9999
33414
4321
1234
64467
1234
4321
48383
58105
8888
4321
8888
13853
50281
53541
48280
26800
48453
12568
6305
28235
17974
59537
12281
12959
36378
15478
64846
4321
8888
11329
7777
9999
63161
35064
1234
60547
7777
56674
8888
7337
7777
1951
9898
7777
4321
15501
19076
17912
23998
60215
28988
31115
8888
7777
4321
40480
29911
7777
22957
54340
9999
1234
58548
9999
29832
9999
56829
15970
9999
7777
7777
2783
1234
36722
9999
33367
49015
22006
62390
56136
4856
13408
7777
4321
15529
9999
21073
1234
50847
30981
4321
8888
63374
1234
8888
56146
5884
62597
403
31835
38079
10193
40592
61152
39423
9999
21834
59240
1234
58224
31096
41599
11658
8888
7179
21011
34046
15173
7777
42314
29422
64281
8643
42151
18904
43962
9999
54428
21202
18082
1234
49799
24807
9999
6603
15230
9999
7777
50635
7777
62013
58872
7777
42050
18118
9167
61674
4321
30793
15349
4321
35912
27227
1234
59036
7777
1234
4321
26620
5487
8888
2559
9999
20869
16202
23941
403
4321
44818
42827
36534
1234
1389
9999
38077
38001
59247
56354
7777
34549
18885
8888
29664
8888
57421
237
9999
7777
7777
25433
8888
1234
8888
7777
59853
25740
20286
58539
8687
9623
30431
38951
29451
39912
47455
15911
62180
15506
49250
7777
34145
21044
11875
1234
8888
23625
7777
8888
9999
26040
8888
17807
45645
12379
7905
11545
4321
44026
54649
59294
4511
63128
14424
8888
51946
4321
4321
4321
7799
50711
7777
4321
4321
7777
24952
41469
28168
1234
18330
8888
8888
4321
63903
8888
45411
14684
7777
8888
42048
32545
6183
45750
7777
17358
5777
32958
1931
15951
62633
64347
8888
35724
7777
8888
18295
9999
61634
12263
53099
49158
5038
9999
58752
1234
20042
9999
24326
38336
4321
29868
38286
59581
6310
8544
7777
1234
29871
4321
60402
3932
42103
43839
16390
32903
36962
8223
7777
4321
19245
7777
56894
8888
28304
57235
54389
57286
4321
2838
4321
4321
27484
15128
3764
47701
50790
27504
1234
4321
1234
29402
1234
57217
4321
9999
9999
17394
7777
40039
9999
8888
9999
44873
60377
39658
17688
7777
7812
47252
37528
9999
52080
57363
3168
30572
4321
13069
36685
32232
7777
53135
8888
50733
9999
65075
8954
54821
1234
20630
37117
4712
24598
50947
28324
18203
7777
9412
2929
9999
7777
54213
2564
9999
7777
7777
7777
58932
31419
2819
4321
8888
62374
31732
1234
9999
4321
7777
7777
9268
9999
61106
4321
9999
8888
63691
7980
30994
43395
8888
17372
40318
9999
24608
2311
32930
58205
38911
38422
62355
8888
61623
64730
8888
61715
8888
7777
59491
24209
41326
16232
29635
8556
7356
1234
22779
7777
50979
5266
8888
1234
31245
7777
26606
9999
57677
24047
16655
54202
56335
37703
65289
21805
25933
42651
8888
616
1234
49140
39938
27089
32583
1234
35884
9999
37870
41400
27103
7777
50273
8888
45400
54528
28223
47366
7777
37806
49962
63406
4226
8888
7168
7777
61322
1234
4321
7777
4321
18027
32508
4781
20011
54556
8888
32055
25280
10009
14546
1234
17692
12170
9999
41711
4321
9999
38728
8888
7777
55455
48773
9999
10797
8888
4321
8888
28620
7777
8888
7809
10668
48228
64378
52445
1234
1234
59737
40762
7777
1234
8888
10245
7900
44422
46421
1234
23417
1908
26859
47423
26967
45414
58612
25152
48408
1234
9999
4890
1234
4321
7777
60266
25413
30856
30226
4321
8888
7777
21815
9011
411
65210
59228
21405
52470
8888
64961
6024
57831
53913
65441
63448
21823
9178
29732
57931
18324
62335
9999
7620
35999
8888
9999
7777
9999
27626
32856
1234
1234
23225
7777
7777
54443
49737
8888
41115
2115
9999
1234
9999
25094
42051
10222
7777
7531
10164
1234
21657
26941
1234
1234
1234
41929
7777
42165
50677
8675
55006
55867
5153
15393
32208
1234
39663
42250
44445
1234
8888
10554
1333
4321
52861
43991
9999
28415
22287
49547
1234
31722
9999
40208
7777
8888
44869
10172
48228
40994
4321
30589
47808
47926
7777
4321
35860
9999
4321
53574
4321
53188
46846
45313
62385
9999
26544
56368
51448
60009
915
47593
7777
52513
27256
39467
4321
4321
59220
11447
8994
39532
8888
31745
7777
1234
38770
9999
4321
1234
29568
8888
59249
24901
30112
36314
7105
7777
9302
15320
46477
11989
15551
7777
1234
7777
49419
53825
4321
13782
9999
1234
7777
1234
10610
7777
20795
32072
16412
9999
16870
7777
2341
20140
4341
723
1234
60812
1234
31756
1234
52339
59762
9999
4321
37643
1234
5549
4321
15615
8888
17368
36207
7964
41822
5886
9999
9999
53228
61683
7777
8888
61888
6367
28630
19943
10210
2793
916
50411
1234
22972
61876
9999
6038
35972
57944
4321
200
20275
62598
4309
9999
20928
49012
50039
24085
25969
14580
42544
9999
54787
9351
1234
4321
8625
8888
27203
50545
17097
9999
1234
30150
36934
47931
54728
9642
20862
2660
63776
4321
18479
21776
9999
51938
7777
46971
7777
